Frame,Pitch,Yaw,Roll,EAR,MAR
1,-0.2536389414817396,0.3675844619888096,-0.15639142922641278,0.20918231788361158,0.21374114996372892
2,-2.89412335354079,-2.1520635319382855,-0.10995619232983737,0.16810322323473317,0.16261489773363863
3,-3.101522071745887,-3.0704573791056666,-0.11327360117859274,0.15703975347225718,0.19026059766179762
4,-4.333433017290296,-5.423869595257173,-0.17701102031484425,0.1882622319409084,0.17372232254587805
5,-2.0328404842764076,3.725467141257564,-0.20254109764884898,0.1565667299977842,0.09296796411080281
6,-2.1642559268838246,3.3760638506227325,-0.09124200306447651,0.20478379859429846,0.22060074439425564
7,-2.102248218928096,1.88387672397206,-0.04017118144907054,0.3316726537047584,0.12484404235973057
8,-1.3567695671333189,2.665691747574273,-0.03083864447560762,0.3043341599203067,0.12180638428352399
9,-1.627283659730613,2.440021495340105,-0.034845564113031906,0.33005727626784603,0.17052893799693358
10,-1.8667636562552297,2.2387503323049764,-0.05003622891395102,0.3529651878728065,0.1747816593036228
11,-1.7620597617295808,2.3429063465988573,-0.05740038516471322,0.3385187744829677,0.19975046777556893
12,-1.6541446640642155,2.3645071613232815,-0.06464838995424739,0.3373808015763047,0.15364425591947517
13,-1.4724857642317917,2.317200024446783,-0.06815185548481931,0.3381947005608926,0.17925163190605437
14,-1.4315703061992717,2.1702437024339054,-0.08122584761527286,0.32708133565311237,0.1533929977694741
15,-1.962026575092692,2.2992629386440915,-0.0785082931461421,0.33329183748052704,0.18363913264669157
16,-1.9737678973438875,2.1722879434876012,-0.0808031441883776,0.3083243250399464,0.20099194656865432
17,-2.865402301813115,2.020646885691194,-0.07027562684540088,0.3296467678755172,0.1747816593036228
18,-3.169635137973486,1.7156855698166673,-0.06443688934837749,0.30276296953660187,0.14995314696121842
19,-3.614803395649425,1.6019132929577113,-0.07098318251966676,0.334018184353285,0.10242950394631678
20,-3.454639217283166,1.3299277471379507,-0.08126131272255431,0.3356428168881217,0.1315334104411641
21,-4.116307628593561,1.377998385429754,-0.10082811566719717,0.3379175190398189,0.1339992578523194
22,-4.015775042359191,1.2700434589836833,-0.09645476245551958,0.325307133699806,0.10806864539165983
23,-4.05174673015222,1.0759909954390976,-0.10472990445182119,0.32878709547751384,0.10522672835293129
24,-4.013154930167095,0.9605834739101757,-0.09440910850230229,0.3499036191050434,0.10522672835293129
25,-3.5128616663942767,0.964529358376754,-0.08943023623812388,0.3222860473484467,0.0831890330807703
26,-3.161959721062329,1.114772927860191,-0.06922052173133529,0.33720815021810646,0.02630668208823282
27,-2.7571332383294362,0.5521729683448326,-0.05288442401238482,0.3299551290257756,0.02564102564102564
28,-2.059704108458735,0.77244184214603,-0.041429601730211964,0.33474558776511215,0.02564102564102564
29,-1.981165478211663,0.8595755460185549,-0.04047340962757213,0.22880167060894838,0.0256326007925508
30,-1.4063952758214793,0.6660056143135934,-0.05444324893185583,0.22798471301590634,0.02630668208823282
31,-0.6682730401555173,0.5707698889048148,-0.04910238623261014,0.2184691547634698,0.02631578947368421
32,0.2328887313696912,0.5365455885185475,-0.06684182044277427,0.23834933914757805,0.05261336417646564
33,1.1702748325274712,0.38995280810662386,-0.07768938615438879,0.27582077727033616,0.0768978023776524
34,-0.16388781302745645,0.5821758877665214,-0.07523380510935397,0.2836982114220332,0.19993752928162456
35,0.7171968367487184,0.6858028719437909,-0.08095090383879845,0.2708231384938594,0.26183055740917854
36,0.9674921980193635,0.8136072436932814,-0.08853739247455628,0.2812096011997699,0.3031367544391341
37,1.0254554668081366,0.754217647044644,-0.0879056092916756,0.27651033568813976,0.326058407754093
38,1.211624800209855,0.8906768707488408,-0.06486284209572009,0.25039702343831655,0.3405574568898749
39,1.4905172263962447,0.9681406260222216,-0.05939181360762878,0.2638653031460512,0.3413134122193629
40,1.6889310281855971,0.728332545567642,-0.05751136901972322,0.21832698478229892,0.318663445899553
41,2.2691634341871265,0.5417989589530472,-0.002697060002670598,0.1934739364497082,0.30483524780098314
42,2.118504530194085,0.39539901688472495,-0.006845199093393252,0.1829060557346574,0.2831760569774271
43,2.168300118113384,0.6093600141164862,0.005983631652954181,0.17478285054688839,0.282842712474619
44,1.9876131443583727,0.6589674045262486,-0.013112362283119412,0.18157298159470595,0.2831760569774271
45,2.72881348786265,0.47126700523542575,-0.026197693405062925,0.2017837900366527,0.267327094135159
46,2.5403030103046653,0.5368148191049741,-0.04247890353413679,0.2313684641272022,0.25077200389625703
47,2.8321342320333107,0.3237423423525039,-0.06447572860717347,0.2508375699388969,0.2323069967623409
48,3.020753740875774,0.27450694485743987,-0.06279598438343352,0.2906903767089147,0.1917412472118426
49,2.7089942038028174,0.48530974800917054,-0.06101356795259691,0.2875486600203404,0.1917412472118426
50,3.129797644881918,0.16792860804339582,-0.07570883433262054,0.2884181802152729,0.1747816593036228
51,3.608579492512249,0.0459529244302726,-0.0752413387859084,0.2789374047061281,0.15364425591947517
52,3.3471678491835015,0.0031041688163620964,-0.09808878755715283,0.2830495219829175,0.19975046777556893
53,2.979631473592156,-0.11173908714432992,-0.08111761238679249,0.26746038289489305,0.2261021771538605
54,3.361347597600705,-0.014813915082079382,-0.09147776289150451,0.27577305924348716,0.20099194656865432
55,3.8037914469894147,0.29166298554296405,-0.08880852840319357,0.26144834419180807,0.1278274981412284
56,5.091289969685497,0.39949383067192373,-0.0741269467498766,0.25577158069875106,0.07851358838853206
57,5.339015159503568,0.6974338511676311,-0.08030825648247741,0.2668917850865744,0.07851358838853206
58,5.178400771549131,0.8289505811488005,-0.08711594357199035,0.28037923206427867,0.05521576303742327
59,5.459911331499664,1.2051707573304713,-0.09491607098686385,0.29889858273958697,0.1131370849898476
60,5.446545574443434,2.005733697773012,-0.10301188300369682,0.288189759317634,0.116619037896906
61,5.4540167798103445,2.520517804575438,-0.11205820966289967,0.3130165642228779,0.11997741814056033
62,5.746221796715772,2.8331697862934218,-0.12572052777524692,0.30785483998762025,0.14821729168218806
63,6.111468112262113,3.4605235093242035,-0.12035391719531713,0.2867599007000296,0.18135294011647257
64,6.219872979362881,3.6270771007695624,-0.10848841218854045,0.2885991440675959,0.1511525725078701
65,6.274228826600015,3.7542726026355395,-0.10706448976539114,0.2765024099347413,0.1694237941747953
66,5.550644327263232,4.083328514784513,-0.11398982082119216,0.26067948169450295,0.20370021093167762
67,5.541943839644373,4.093482640416747,-0.1115186312408705,0.2713484096684507,0.1752295471399483
68,5.038076098934058,3.9796915941673183,-0.1259795018653558,0.2757271310701277,0.1752295471399483
69,4.967006077932361,3.97864724171703,-0.12603835354099635,0.2582018766907489,0.20370021093167762
70,4.340360477489824,4.3170187109100615,-0.10808623837383177,0.2631413373114455,0.14598450400585697
71,4.833720260229501,4.176965792610142,-0.09725602391012685,0.2636693586410105,0.1124251093148722
72,4.756444187237207,4.219974047973521,-0.07906465431302445,0.28232367648906315,0.08404977220207886
73,4.515394106147519,4.247666952171938,-0.0684685498966541,0.2731568386351566,0.10906837662984237
74,4.2954569430973715,4.2271141805280665,-0.08125201189698618,0.2791792157935903,0.13540932044013526
75,3.9346497745698366,4.301007283615631,-0.08699549097373849,0.2501528573157097,0.16368168674192557
76,4.105056046208044,4.194445740611695,-0.10283565454613708,0.2795513677032025,0.18841177062873077
77,3.9751048430103526,4.1367898963019325,-0.08934991788916868,0.2827287663891366,0.18208926018230745
78,3.6265010314082393,4.0646085357975705,-0.07952868106234368,0.25366187789353023,0.15742400541715584
79,3.0381654878324684,4.102590267056142,-0.06620062856626921,0.2661328356549335,0.15351507737317438
80,2.6359086491287376,3.944810147880372,-0.08227454052856965,0.2727888383893934,0.15811388300841897
81,2.208465772189589,3.9071142297118366,-0.08377197084427639,0.268565901643723,0.13603432683808822
82,2.243653523551629,3.666721762586234,-0.08965548240693007,0.2549240939954738,0.15811388300841897
83,2.440314755711418,3.2924657372402564,-0.09414306450097991,0.2685860435565346,0.11344178510194479
84,2.6257559501594043,2.8923580551810133,-0.10798699183166398,0.29366350681845854,0.08944271909999159
85,2.7436795754445624,2.4796184168808106,-0.11972551099721503,0.29341243262599204,0.11354659116073192
86,1.8895427720700024,2.4057879492871526,-0.11098025994796477,0.28055073538474523,0.11354659116073192
87,1.9765594835928808,2.2728262788341684,-0.12045003259362606,0.2823319220795656,0.1168412475673972
88,1.6594088273770888,1.9531744520384564,-0.11618720946696219,0.30222205068323676,0.1757876205927143
89,1.0612331478559685,1.8755870958131473,-0.1233545779026028,0.28067359215911775,0.14515402873619057
90,0.5931344819072686,1.5986152960739903,-0.13560189426567973,0.29842180403414775,0.20129242055711866
91,0.021733528855064202,1.3855600731654547,-0.1164925256130401,0.2879059184786845,0.14515402873619057
92,-0.5102836340345438,1.4649429951554642,-0.12109457330755516,0.2959220443417346,0.19048482943986486
93,-0.551849520418086,1.4275560524257986,-0.11308329117756712,0.29738753554961117,0.16609095970747995
94,-0.4291435929614931,1.0920134796794618,-0.11089254903520882,0.298087237788237,0.13469311461009134
95,-0.6660171745427015,1.2057468396461568,-0.0797670843904062,0.2899290384446474,0.13469311461009134
96,-1.033882265412878,1.027421033320778,-0.10904775091681643,0.2905671058582401,0.1079505160300009
97,-1.3900894860850366,1.1255646249168485,-0.10552249358708005,0.29918285668239963,0.13493814503750112
98,-1.1930600821599704,0.9906863857913916,-0.10856109775064741,0.2930380390296531,0.11435437497937312
99,-1.4830588733808874,0.8558944572439,-0.11219048845164344,0.3093562371070621,0.1107273064716533
100,-1.347479910983583,0.9350465299905228,-0.10627228929026272,0.3114879881559225,0.08557468580776942
101,-1.4602493606762699,0.701105855019621,-0.11540974500933335,0.3162020870865245,0.08320502943378437
102,-1.7165255568192617,0.8135014010668477,-0.11555617351105252,0.32381906382415304,0.11409958107702589
103,-1.6651158986992476,0.614087540144367,-0.1361605149142247,0.34080449471263075,0.08567932169663096
104,-1.5708143096566267,0.6977560185847993,-0.14308884013171838,0.33380828164690934,0.11759620640757094
105,-0.8341752502272344,0.5410396898506118,-0.13666467377278893,0.3272586647459067,0.08567932169663096
106,-0.3150820547628866,0.18194663428268673,-0.1450403294872958,0.3092163951576555,0.09090909090909091
107,0.21971791517989908,-0.016514622007408223,-0.15220454372569406,0.34474434587423,0.06060606060606061
108,0.6238058902796948,-0.33478919293449755,-0.14958637063389404,0.33171607174026424,0.06057825328153827
109,0.6021826307616758,-0.713351562957896,-0.15239776073419972,0.3267105283757712,0.029399051601892736
110,1.3185898353213332,-0.8773523305997761,-0.14954373584324848,0.33267498302457166,0.030289126640769135
111,1.2605113610959198,-0.8968508100196566,-0.14862905567184817,0.33527174005830473,0.030289126640769135
112,1.694841532598851,-1.1384575491142024,-0.1445872725455884,0.3214955608673304,0.03125
113,2.1641998580386366,-1.2929886953994185,-0.15492728932844327,0.3070328947012064,0.03125
114,1.844271044888382,-1.27805464761183,-0.15628870588970334,0.3017249526217246,0.030303030303030304
115,1.430188502621509,-1.0646032401911762,-0.15249691025884513,0.26240173633524255,0.0
116,1.3628690625531832,-1.3709584424549333,-0.1500794196241087,0.2703669039601938,0.031234752377721213
117,1.2770208406416481,-1.4586634013487094,-0.13917538276585875,0.2558621631196979,0.0
118,0.9048826710189878,-2.1194639419457157,-0.14215023848281652,0.24821456343337364,0.03125
119,0.5913306202793984,-2.419596843490137,-0.16452611505907722,0.29221876161811994,0.0625
120,-1.5365717721279424,-1.8045463008115152,-0.17823825887309222,0.33517311051740456,0.25
121,-1.642562742753481,-2.0588243817886216,-0.17650060916404606,0.3286134989792528,0.3157894736842105
122,-0.8674918917720245,-2.405170585123217,-0.15100220619098736,0.3453617712253835,0.23676013879409538
123,-0.16658094162629106,-2.09830244055857,-0.12618442682396247,0.36630679578872727,0.18414677461762974
124,-0.02103329557069438,-2.011179613938056,-0.12417550184186164,0.3416588989863619,0.13513513513513514
125,-0.6266767228155207,-2.098935260945562,-0.121350963962079,0.3346693830506903,0.10810810810810811
126,0.0029158588746524714,-2.3263499046432243,-0.13565378596810412,0.3442572378677203,0.13883533620176644
127,0.020383223121087528,-2.140709324269958,-0.12397144726443157,0.3464937343543098,0.15784009252939693
128,0.14668473695717119,-1.9759057577666312,-0.13448612123202655,0.36395310037175593,0.16210296808748975
129,0.19231311856635344,-2.073946563649065,-0.13292003082791154,0.34203945086076526,0.1350858067395748
130,0.09904291257698772,-1.961356807049805,-0.13900762337334363,0.3508801839779666,0.1666024034421197
131,0.22800761029678898,-1.5823174159265636,-0.1582911260400169,0.36409925714913965,0.194369470682473
132,0.18743779530112067,-1.3120729193515794,-0.18255750261640813,0.357683839256146,0.20588235294117646
133,0.09681841935444543,-1.2678091946590855,-0.20113579581646424,0.3482291431331238,0.18181818181818182
134,0.1077632433411039,-0.8251076912394243,-0.1964384016700707,0.36712306860498967,0.15934435979977452
135,-0.50421131187712,-0.48757223583935755,-0.1861996540387237,0.25711051846783656,0.13293426071377412
136,0.4335877680190427,-0.9405018816322178,-0.1730223690417655,0.24659510964889914,0.10179731971185753
137,-0.07517853507994117,0.03782133609134427,-0.17057511350546067,0.253417714116563,0.1287645559959301
138,-0.26573058785288506,0.48818992104533704,-0.20656595885257856,0.24514150068706042,0.16629752630943484
139,0.31081833800560293,1.1587735511674562,-0.18266329594901537,0.29290893582373106,0.06438227799796505
140,0.8085366982004963,1.8355914604377068,-0.1968827411760549,0.32233064992855953,0.06662966046527696
141,1.6717981640344686,2.1164053496685993,-0.2109218540626305,0.3294257274611079,0.07437051466359121
142,2.043886780825523,2.5499474384349314,-0.20837343106671438,0.3318731464822504,0.06438227799796505
143,2.510351025237832,2.6743760862379213,-0.20509174742206426,0.3304229083276262,0.06651901052377393
144,2.92805430525515,3.0435341912763123,-0.20298464399774763,0.3300919622181838,0.06398566881509839
145,3.4142762116460723,3.5051309690559105,-0.20314212114854624,0.3327555057386652,0.07388176557069272
146,3.4094340967974883,3.765666691859,-0.20814707890749992,0.32089745948078735,0.06575959492214291
147,3.3834505773590626,4.292298700246988,-0.19582355742328508,0.30844326293654767,0.07352146220938077
148,3.442561859269411,4.591650844347545,-0.1932175499120853,0.3411565801595797,0.07121091148698563
149,3.5817800361175998,4.76512387690411,-0.19080181735764948,0.3095519217349715,0.16230686829029886
150,3.9430946622604717,4.57636072396535,-0.19286618092194951,0.3146989599680087,0.2224970797449924
151,4.584104921966987,4.835334787195707,-0.17439013889260863,0.3035653504769847,0.24442309027345088
152,4.977489011914908,4.63787576324762,-0.17595838636395708,0.3114699603302774,0.22907476405041316
153,5.2690724918097995,4.756239045178303,-0.18046368646737804,0.31224400883155945,0.2207107502912299
154,5.932658569942553,4.546612160151799,-0.14764698061112738,0.2806960513045045,0.2208630521496931
155,6.587443702247584,4.361920581288956,-0.15602009771171174,0.29182654777929595,0.29694153272811324
156,7.014303385815673,4.206844635228325,-0.1364571416388426,0.2997784545622102,0.2943574006320034
157,8.26954846141346,3.9052070014332694,-0.10584295493269671,0.27184913915208003,0.16279916396582464
158,7.503649858009317,3.7820552458734373,-0.09565962792386369,0.2682472782162235,0.029235267310234306
159,7.10046922295718,3.6335866994966186,-0.07522124730504191,0.2948304921796048,0.029235267310234306
160,7.191171284896985,3.4402033963435814,-0.07044413042684299,0.2721098586820083,0.028629916715693413
161,6.868640153950822,2.9671260109132818,-0.06812898003492222,0.2527857531413936,0.027671226645624276
162,6.710184402385586,2.9288855206617654,-0.07646681997261456,0.2614580434521939,0.06585220909879694
163,6.127138756640333,2.8102496122202534,-0.09353803797795926,0.25574217097398366,0.15016614100587622
164,6.547740213997015,2.230852190441752,-0.11503916305471285,0.25198386807021794,0.12587068616851618
165,6.405541210123969,2.1344140084096517,-0.10180575100336925,0.27571844864382,0.09374084606744877
166,7.365355056068801,1.1955352084242297,-0.10351230557409401,0.2892426704747232,0.029098798098966275
167,6.69180241643707,1.056710322693045,-0.08774749104038702,0.2753234212531036,0.029098798098966275
168,5.969403490269873,1.1051572723784069,-0.10986680402457309,0.2656108273141186,0.0584206237836986
169,5.340555459507869,1.3062414963425086,-0.1312330869790298,0.26938570167490095,0.0926482109224159
170,4.204966202329016,1.709656523524409,-0.14642302763189693,0.28524652011668916,0.1752618713510958
171,3.6968273043528046,2.003875063527592,-0.15848944014599461,0.3008101759157156,0.2362075176964294
172,3.6762579990244064,1.9768240339767142,-0.16333350632600457,0.3000464167955982,0.17821239197194036
173,3.678606402879456,1.8380518340305314,-0.1610139159810102,0.2955257256929521,0.17616606585441102
174,3.9999594387448805,1.671282509420966,-0.14694115847055328,0.29639224627131455,0.06565321642986127
175,3.2319862761901184,1.6423315228870308,-0.13136691242857534,0.2984866199142297,0.028524895269256473
176,3.1785670347331236,1.62634484053114,-0.14755833727670098,0.2949107342289967,0.04038961958610097
177,2.6846612468143234,2.119894332368508,-0.15440016529787773,0.30365251703653173,0.057049790538512946
178,2.6113077052431795,2.1426284008997976,-0.16065767934605937,0.3069956017631571,0.028524895269256473
179,2.4415068689151553,1.949051817468981,-0.18314596016596513,0.3272710933895837,0.09565108902971729
180,2.1937774945595288,2.1887842423181616,-0.17136635986849805,0.3059477919607521,0.09074259060283552
181,2.213464731356965,2.2440883218397802,-0.19319676940189415,0.32203642545760736,0.12115650656307654
182,1.515122658342064,2.5315367053095152,-0.19589855941356227,0.32714587346125934,0.15123765100472586
183,1.5478365663777731,2.4091665078891222,-0.19995838704959687,0.3210711844592865,0.15123765100472586
184,1.6442679618405847,2.648386974944095,-0.20958289949236594,0.3210711844592865,0.1609556949949126
185,1.3789532372481397,2.169206411771192,-0.21100178682977985,0.349772393237713,0.15594571538795132
186,1.0083663204443045,2.1620894433236577,-0.24376553064347772,0.35728164752230274,0.16414324592058957
187,1.0471581384530058,1.867626995699257,-0.2271181841999644,0.396946867734567,0.1287645559959301
188,1.5195639190300283,1.3925839300852778,-0.23637188549867522,0.3984492949238722,0.13325932093055393
189,1.2893370888826452,1.1510343214272438,-0.20860225483529218,0.39639777764706174,0.07209372509105905
190,1.1968782406305953,0.6978109847993423,-0.21934999390115645,0.38149468898649597,0.0644825880219161
191,1.3798123675576623,0.3851027997982185,-0.19409245944340764,0.3749291445713616,0.062469504755442426
192,1.5402344441170959,-0.043738963054194224,-0.18396145192718782,0.3589586024017852,0.030247530200945175
193,1.5906170968673836,-0.6361129529470596,-0.16764061366870728,0.38073868628587404,0.030289126640769135
194,1.3902700077603427,-0.9305639241279445,-0.18165174131296472,0.40966562374034277,0.031234752377721213
195,1.4145725354458047,-0.9514360083304652,-0.19407639692126666,0.4067712359622675,0.031189143077590267
196,1.09052060740954,-1.1853875879168725,-0.19860569103496983,0.40966562374034277,0.06974104408145883
197,0.4923941889501531,-1.2915976734182484,-0.16707642356082572,0.3715565988677253,0.029361010975735173
198,0.7506881048504447,-1.3835684302634892,-0.15512046443496474,0.2999080167208795,0.058722021951470346
199,-0.7064704112625985,-1.4078985698499578,-0.13124208490201641,0.23681252960589122,0.04038961958610097
200,-0.7751259334162506,-1.05244280812582,-0.1396662919925644,0.23728221202086375,0.11106826896141314
201,0.015432335941399722,-0.5604267609072037,-0.12423368727418092,0.2685916317235476,0.11435437497937312
202,1.205420353657529,0.026404225118435865,-0.13028303410885148,0.2624903330507991,0.08320502943378437
203,1.8392611790558944,0.28160833709887756,-0.12916373518065283,0.2762042287062835,0.08557468580776942
204,1.760956034341695,0.5641188510516515,-0.12350229561459515,0.29932242896055516,0.027735009811261455
205,2.6925319379053487,0.6888632509528655,-0.11658858321984501,0.3108848383644841,0.0
206,3.3254474312646654,0.8021842851196667,-0.10855544133992885,0.31313277020920305,0.027767067240353285
207,3.4147910909908585,1.262762203696322,-0.11202110987839768,0.33307368663162107,0.026938622922018266
208,3.586194960425864,1.480781831593936,-0.13802758679399793,0.3228786448788908,0.08789381029635715
209,4.125864835778155,2.1999395485876803,-0.1389882534905496,0.3315360170788177,0.060165683759618685
210,5.016973725870747,2.9943347144368264,-0.11555699102619053,0.3005479770710513,0.041151914920314545
211,5.305582205754115,3.5535709178462738,-0.12537967123415747,0.3092213357068667,0.05928691667287522
212,5.389717348828546,3.7705878523785654,-0.11588964845099835,0.31047510658069805,0.06628478792845734
213,5.938414148352287,4.202447940303629,-0.12291842964443518,0.3265400480302634,0.08835000960806406
214,5.884984231447541,4.192929400599879,-0.1286169598338848,0.31467629802687547,0.064018439966448
215,6.275712241774611,4.537409936879178,-0.10841262808717715,0.3289639833237491,0.064018439966448
216,5.660832805176441,4.440105178023192,-0.1363057901913095,0.31939241520105116,0.057259833431386825
217,5.249776957606386,4.5388689299492055,-0.1225054073717474,0.3350542554489463,0.057259833431386825
218,4.062217506924158,4.877148706683674,-0.12203603848916557,0.3182326073506112,0.061874743800419366
219,3.470894397947669,5.055286902338898,-0.1374126316661706,0.307499306858375,0.06025846050518227
220,1.6053204772888983,5.247962289321432,-0.1756305817343372,0.323228955249953,0.08574929257125442
221,1.35837518051036,5.4312126858071235,-0.14528177230890185,0.3455813046897367,0.08134892168199606
222,1.410132016038029,5.092220134015801,-0.15401145918092168,0.34628443428479705,0.10891842821847317
223,1.571681804540861,5.166482653392518,-0.15315431350280864,0.32885819174156883,0.08134892168199606
224,1.7458484618535812,5.0340377151753675,-0.14433583243549367,0.33708302616066776,0.08180128247238178
225,1.661985759681946,4.892046613768123,-0.14588589760008805,0.32049518026137636,0.06264700137907352
226,1.78438574832479,4.8885799493927395,-0.14360156799800808,0.33277141377529745,0.03962144258751637
227,1.5028962911913353,4.9914306883787996,-0.1423159529326072,0.3442305432281726,0.03962144258751637
228,1.5630479262873562,4.841064722180368,-0.14187051017394248,0.3364943301662364,0.03962144258751637
229,2.2229757718580667,4.531915458753391,-0.13562244436118695,0.3461551385342826,0.05603318146805258
230,2.821958954814779,3.9673293730640373,-0.1458350556125013,0.3366783105253509,0.06666666666666668
231,2.5678873011100847,4.102280223390442,-0.15196322094302586,0.34152660213227426,0.09428090415820635
232,3.0335408758848064,4.020096398115423,-0.16882517922197124,0.356105389213166,0.09374084606744877
233,3.309275356050989,3.9824800382092214,-0.19373658206646804,0.36089282759036323,0.09214426752509268
234,3.0299513199903108,4.0944435287880045,-0.23402641265793167,0.3660134200767271,0.18683056596113626
235,2.4472518068553337,3.745071752376656,-0.27119281581832705,0.3603377027931256,0.393591831615609
236,2.8604273394456157,3.9529198535916046,-0.29387701292606033,0.3576654170858715,0.3976426261351493
237,2.898966617416523,3.863593141778249,-0.2903249680347552,0.35250476290303845,0.4299175035155696
238,2.640536643264101,3.981957579811835,-0.3208144197487162,0.36433910245197154,0.4913786640188923
239,3.5015554301516736,3.7102122395583774,-0.3159685873049785,0.38446360814775116,0.4233599198734493
240,3.7415448288952886,3.4531798013563186,-0.3025937922866291,0.3767453197446697,0.39528470752104744
241,4.7523543139697,3.282428760158726,-0.2847968122665674,0.3866330504681233,0.24748737341529162
242,4.817701280249887,3.051234015176508,-0.27183649423152995,0.3623776535612767,0.2130662472685305
243,4.384560298959387,2.9587375185395857,-0.25802376437089164,0.39160996792738006,0.22390958299057578
244,4.513667283920663,2.7161518899484425,-0.26893887420453555,0.3708450505838473,0.2130662472685305
245,4.403590228435132,2.86152782739384,-0.24999283840029127,0.35821172680471836,0.17755520605710876
246,4.760561930419198,3.1438661568149135,-0.22948651193417902,0.361295187767757,0.14724203476646205
247,6.075891405631698,2.473561790418625,-0.2198017408042269,0.35965022150656556,0.1084652289093281
248,6.427498659317072,2.2209326514155356,-0.20652822550334524,0.38255328783314013,0.10517579047791782
249,6.8179546096417445,1.8125872780642684,-0.16631163155300435,0.3815573084754249,0.09994449069791543
250,6.449894730684779,1.7356168361608504,-0.17284892887058764,0.36087090479410955,0.09657341699694758
251,5.109304457087526,1.6987915204894968,-0.1602702979122669,0.36205574068097196,0.12878418324335694
252,3.9797079020254236,1.3751369277651173,-0.13597340509489494,0.24172908448378308,0.12475657231036107
253,3.8438690656089647,1.275300843384245,-0.11412648292616508,0.21382156528531493,0.1763943096113564
254,2.7880263513015278,0.7123218374771603,-0.11435760761229895,0.22056415112733724,0.17135864339326193
255,2.937219682118505,0.3648871149961044,-0.108641560910436,0.21067201671843833,0.14285714285714285
256,3.394190160157916,0.15722852538886797,-0.11929391248826329,0.2374972311190625,0.14285714285714285
257,2.8310749076362454,0.35832268799805655,-0.1365201263869458,0.2694653380361629,0.16890047618589216
258,2.1309352774654857,0.31930333730429833,-0.12163128210948287,0.2814946534029316,0.18891340305250157
259,2.676966277741251,0.39678984044204596,-0.13099171239813223,0.3195342531838931,0.18891340305250157
260,2.452778089629589,1.0003910989947775,-0.12338137921663973,0.29659870389661736,0.19083135479350186
261,1.8058899832066388,1.3618022112909556,-0.1575409524242026,0.3001479727684026,0.14544899760112925
262,2.177418708440219,1.3135949446482271,-0.16124872406637794,0.33124090384365407,0.11744404390294069
263,1.354536672101923,1.4966229682101468,-0.19106948799119278,0.3192896539472318,0.15594571538795132
264,1.493134716312315,1.6804959281720384,-0.1959810043489462,0.3406129553760634,0.12859613128140654
265,1.3595055592679077,1.9560884235621152,-0.17901225778246138,0.3237922591603004,0.12115650656307654
266,1.3484974963566505,1.8124233059760981,-0.15897686397074176,0.3328436103167057,0.08808303292720551
267,1.1109128938267094,2.0920910954659417,-0.16328665061599013,0.30158096388041555,0.11759620640757094
268,0.7997414162468209,2.1864730880537744,-0.1692387533550589,0.33144276020166974,0.15123765100472586
269,0.22205647485936647,2.6259977106981953,-0.17072153813580293,0.3278304024749296,0.14699525800946367
270,-0.5719299421003736,2.9429981748812746,-0.16766766056616147,0.33781624630962437,0.17142857142857143
271,-1.0215807729830049,2.6845367645393705,-0.15947908868310648,0.3258477028102421,0.14285714285714285
272,-1.6759800318150107,2.9865676226711098,-0.14898869036326143,0.2994234316119837,0.13513513513513514
273,-1.6246518021087135,2.6218351345486024,-0.1510569375905089,0.32852065767538036,0.1388888888888889
274,-1.9891996706689825,2.934595519683809,-0.1318861732458533,0.3204258779596001,0.13883533620176644
275,-2.2482086082887114,2.767175405549703,-0.1343265713182965,0.3302217164689014,0.1111111111111111
276,-2.734146172324514,3.068014817999356,-0.13160544542888714,0.3309268942822976,0.1388888888888889
277,-2.9834476608552825,2.9291653620331592,-0.1455504017148298,0.3109011533150921,0.14279886949438494
278,-3.438121325218365,2.952066786954655,-0.16261414943692012,0.36022252260198484,0.17135864339326193
279,-3.1294139849865648,2.787196037793084,-0.16937350527011086,0.34627730891262787,0.19991841729213894
280,-3.035428885042398,3.065728147288623,-0.17762290728486055,0.35225253171043514,0.15123765100472586
281,-3.2341718141305202,2.7674113146875303,-0.1740669790358466,0.35311055005999126,0.15144563320384566
282,-2.823342499905616,2.656405475791607,-0.14020770950433734,0.3525433497198709,0.08808303292720551
283,-3.049491171683936,2.767382418136472,-0.13275219435772664,0.36414573273734674,0.05879810320378547
284,-3.444235648008468,2.5231556229010472,-0.14351635026840656,0.35660619524432147,0.05879810320378547
285,-3.665857614987279,2.6598161073603985,-0.15164584359280434,0.3522183694897082,0.12471376193255714
286,-4.128351884804683,2.689690236754934,-0.15499008240933002,0.35721485013789134,0.12115650656307654
287,-3.492567366405048,2.534150975859063,-0.16045380250694752,0.37222061079287605,0.15144563320384566
288,-3.3442899317044663,2.500214826989935,-0.1641015278611231,0.377133100182247,0.12115650656307654
289,-3.1357873712706423,2.429437454463592,-0.15571462962942823,0.376493551773023,0.12115650656307654
290,-3.086172043569226,2.382317611774805,-0.15497484370853845,0.36713241867036184,0.09074259060283552
291,-3.0491544301707387,2.0953673781349678,-0.15554254020323538,0.3601607788786362,0.09862873039405895
292,-2.343804756826,2.3477933842367045,-0.15092899147879227,0.39196659013388135,0.09074259060283552
293,-2.6842645549162834,2.14878055688282,-0.1533383249221488,0.376493551773023,0.09074259060283552
294,-3.108231465460609,1.940755524560858,-0.1604461484059394,0.3800161266428802,0.09074259060283552
295,-2.6249614553249185,1.723612115083998,-0.15663407169814944,0.36978626450927,0.06057825328153827
296,-1.9328600961996973,1.783123822525443,-0.14790875972596412,0.38687839801136714,0.029411764705882353
297,-1.9564041748184635,1.6837237632824975,-0.16141941205714583,0.37259747859314374,0.030289126640769135
298,-1.7775692625447366,1.763559428880554,-0.14701186104812822,0.3880608485371535,0.029399051601892736
299,-0.9981990479016618,1.526510279483794,-0.17385301670517408,0.37292021748944715,0.0
300,-0.6225411430206742,1.7704457036609549,-0.17211692506053233,0.36083836086143584,0.031189143077590267
301,-0.8898195625290309,1.48584378724117,-0.17852423847151788,0.3842583430369022,0.062469504755442426
302,-1.2047913847929028,1.670700228677908,-0.19538454528384505,0.3839955566432821,0.13303802104754786
303,-1.3522288678426795,1.5891830050122553,-0.19567491556314956,0.37209339309270106,0.21202388648538395
304,-1.9283252758430474,1.2099375052953343,-0.17424191763273927,0.3589586024017852,0.22213653792282628
305,-2.5177094679298277,1.188425129505662,-0.1633612663309628,0.3345513928776457,0.2902656432415122
306,-2.013112126046715,1.0032939392469962,-0.13495243945028784,0.35664828241190966,0.21045345670586257
307,-1.8662083257166893,1.203399054175703,-0.0909516373698157,0.3307392354101476,0.15187933259934655
308,-0.7085587729787315,1.1629989622156516,-0.09911489993579675,0.33608030965161556,0.128163003962754
309,-0.9613129711845865,1.3956627184127595,-0.10302151180374225,0.32835926314799974,0.13139708280690918
310,-0.5254951555460774,1.2441773506912195,-0.10449285395401701,0.3585150474029688,0.10511766624552735
311,-0.1830819880539833,1.390138823529132,-0.11299177835860401,0.33171321322617736,0.1079505160300009
312,0.4169325871312239,1.3182010009798524,-0.11332529687419306,0.33973027704893755,0.08320502943378437
313,0.9033511399729827,1.432663573208791,-0.11439312380892597,0.32938446815605527,0.05553413448070657
314,0.9649176746410651,1.6136536482357664,-0.10787014004666434,0.32938446815605527,0.05553413448070657
315,0.5623300177796505,1.4728318789325814,-0.1242150556906421,0.32930099863188467,0.08557468580776942
316,0.15580712115784828,1.532113437183066,-0.1484707058674072,0.3106331119810859,0.11409958107702589
317,-0.023750282595982632,1.4506300057535026,-0.15782582790061608,0.33514744682316977,0.1996742668847953
318,0.27459520298602313,1.5739880452923591,-0.16439715885867104,0.3364952583174098,0.1996742668847953
319,0.6987494132274017,1.7256002021256114,-0.15372781130016724,0.31969638795645156,0.17859605741487666
320,0.5503783502448795,1.5677988670553504,-0.14941228102050597,0.31708626390481054,0.142335235577393
321,0.18447631300468229,1.4602994652577377,-0.1365083622128237,0.2567615691736825,0.08789381029635715
322,0.018645290544786586,1.5321688371876112,-0.13229775813023006,0.2567615691736825,0.0854011413464358
323,-0.08670724735829939,1.369655230998206,-0.13275219435772664,0.2518393180609646,0.08789381029635715
324,0.40941607582614675,1.0478271838761555,-0.14611786192876342,0.2515052986244758,0.09074259060283552
325,1.1877978982128552,0.7024464809294712,-0.14493673086763784,0.26439766849233476,0.09370425713316365
326,1.291998901361183,0.7882460591186422,-0.15350088487278726,0.29519466602278066,0.09086737992230741
327,1.3321284226906704,0.6715438857465109,-0.15879343735637128,0.2745394603776149,0.06057825328153827
328,1.654940766102583,0.2740048994010171,-0.16431553965556023,0.32744841244942946,0.06060606060606061
329,2.991841910673441,0.47046489141925585,-0.15281746558225823,0.31182612893816314,0.029399051601892736
330,3.1083144379253667,0.6620983930676535,-0.132130203683902,0.30389934024451204,0.029411764705882353
331,2.7283890584615955,0.876295883502049,-0.14852287183674873,0.3053965564411643,0.029399051601892736
332,3.1819651184916466,0.6641723747716229,-0.14126058140304817,0.3129429827001561,0.05879810320378547
333,3.6061314033617107,0.6160272047093328,-0.1314977280790279,0.30389934024451204,0.05879810320378547
334,4.43337502565254,0.9053934056046373,-0.11826514952976698,0.2928723771900363,0.05714285714285714
335,4.567688856939976,1.3160266027300196,-0.11831586194894224,0.303226556487595,0.05879810320378547
336,4.962574026619692,1.4376161103481966,-0.138702829470624,0.312869508901997,0.11764705882352941
337,4.0717931392793405,1.7301414348988324,-0.15236676327620935,0.31917612667881134,0.20579336121324915
338,4.548764682021423,2.3935808769495392,-0.16982468748998186,0.3200787757364322,0.24419874594873697
339,5.6924305697742525,2.9705699559374987,-0.15910279143440198,0.3104249110958236,0.12475657231036107
340,5.769132098294547,3.452068100251477,-0.15473662040414637,0.33031339713597807,0.10179731971185753
341,4.236635231178718,3.874524026311171,-0.16648166828136624,0.2806360607226983,0.15556784782176378
342,3.2233832025164344,4.401032292587349,-0.2100621736633269,0.31369546691190153,0.22886047109462462
343,1.9932068030756893,3.9908050259082186,-0.19321999453105823,0.28551089724279877,0.2562034240393074
344,3.9359111553263046,4.126893908831369,-0.1619723954541546,0.33484471239174973,0.027681826617913324
345,3.6123697235678063,4.505985936377564,-0.13834172169593253,0.3250828651550931,0.026870460745022952
346,3.450482013679564,4.530319666105391,-0.1509900062043471,0.33657748898437423,0.027513674254937545
347,2.8756587466513137,4.52710396079299,-0.1588692714389829,0.33931186018241616,0.0
348,1.8677143243557421,5.19108425890234,-0.1720782256047976,0.33039315980636613,0.09159291318091398
349,1.4094926219693211,4.816948391241839,-0.19041027305165978,0.31742126682469496,0.06476597001885498
350,1.0219246244463205,5.120557411915561,-0.1805003263962094,0.32049518026137636,0.12292725943057184
351,0.8799181979572747,4.98898524819107,-0.20193430890150996,0.34608875811679485,0.12292725943057184
352,0.7907453498996275,5.099198715994241,-0.1956539132126792,0.33349102224320815,0.09214426752509268
353,0.702453205199983,5.055538183135072,-0.18135741064066824,0.3374192453460186,0.06868028197434452
354,0.6332414130171881,5.216659444555532,-0.19406422745878754,0.3577345290757482,0.0955394632947723
355,0.5789969538906968,4.911139718144337,-0.19553195846589377,0.34730683339202645,0.09712858623572643
356,0.4224434510061188,4.734048860249757,-0.2040916069971394,0.34270661934869606,0.09763651194714486
357,0.27144159577577437,4.685461528552885,-0.20551599978446838,0.35466341331831397,0.07121091148698563
358,-0.4344501432325439,4.809935139224991,-0.1855226268357072,0.3412248307424931,0.06726727939963124
359,-1.282445760898804,4.484135555792789,-0.18924475710513602,0.3500031660782933,0.062017367294604234
360,-1.0279652210523154,4.37675610042728,-0.18110120683288689,0.354445752623075,0.06222713912870551
361,-0.5172744236255663,3.4387619879254596,-0.1594936008769751,0.35557998501550225,0.030289126640769135
362,-0.06476518667095976,3.0922788105102765,-0.15548574231142243,0.34991120096213446,0.0
363,-0.0818226231171888,2.9407793318394764,-0.16843919527689374,0.37401560249634347,0.0
364,-0.5330055677712671,2.834935451899126,-0.16275496670121428,0.376493551773023,0.0
365,-0.7082093729027191,2.7240312115760124,-0.15796822249439135,0.36687885010213916,0.029411764705882353
366,-0.9589757005507865,2.7008627003415984,-0.17096732656100108,0.37383110304516853,0.029399051601892736
367,-0.9047594190715151,2.5086906463342884,-0.16851405222322735,0.376493551773023,0.029411764705882353
368,-0.8596412650300512,2.7224516542893817,-0.15192840406844713,0.37350503381018024,0.0
369,-0.40816388843838364,2.6831955439615998,-0.1578515641622555,0.37933057644999535,0.029399051601892736
370,-0.5890810353274517,2.8163298943258246,-0.16141151111052007,0.37487445663178426,0.02855977389887699
371,-0.669293751559444,2.744337294958113,-0.17734053488261764,0.3641439007075191,0.029399051601892736
372,-0.13659968095653272,2.959679526773739,-0.19423623282661048,0.37292021748944715,0.062469504755442426
373,-0.1322981151624624,2.953572740558924,-0.1806570090338673,0.36980431550049037,0.09086737992230741
374,-0.970955952184194,2.6064060607117496,-0.1669938510464649,0.33930277759438027,0.06763553368079128
375,-2.1486743589163226,2.1559351717754125,-0.13332027570955104,0.24764802577768813,0.029361010975735173
376,-1.961652423121997,2.043544443906603,-0.13130397389774454,0.2794222432928048,0.029361010975735173
377,-2.0028479252263276,2.098074145337675,-0.13386548288092204,0.2545154951169104,0.029399051601892736
378,-2.1989306155078694,2.088133430450596,-0.1380891711255033,0.262267566488669,0.058722021951470346
379,-2.3601533253097284,1.8637302525002786,-0.13209945635616252,0.26251796198110205,0.05879810320378547
380,-1.8381880551526824,1.3240357960090463,-0.1367279083842894,0.307683723860919,0.0881971548056782
381,-1.5762144375629763,1.4017163740738066,-0.14912812051552052,0.3169686996511539,0.08823529411764706
382,-1.9008845588358456,1.6705305293928303,-0.12885691774164448,0.3222860473484467,0.11423909559550796
383,-2.6618709611195017,1.6688322477988013,-0.1378457527151657,0.3558294346602052,0.11428571428571428
384,-2.7490696253575484,1.2570482207957248,-0.14728086272416796,0.35232714807540366,0.16666666666666666
385,-2.270323851613963,1.4989954387941873,-0.14747316392467802,0.3669171315150435,0.11428571428571428
386,-2.0439818308588262,1.409815839683777,-0.1428737788575653,0.3730685537472417,0.1111111111111111
387,-1.2232278013978444,1.7101069686157748,-0.1483236518725781,0.3383939579308387,0.09035079029052513
388,-0.8333451773200915,1.586037531186437,-0.13892060763813507,0.28822709730306156,0.08567932169663096
389,-0.805158051692034,1.5421648060097952,-0.13080298657321782,0.25559987077267066,0.09031393497987869
390,-0.1607943349019971,1.4022113396978653,-0.11863202480010823,0.23708484590509127,0.08557468580776942
391,0.39951913241491055,1.1093520394840317,-0.11795801458666676,0.24561791902730873,0.02855977389887699
392,0.9946196505042344,1.2344546054561119,-0.1075570363360917,0.2552550758680714,0.02701716134791496
393,1.3274650840648623,1.0346246812008908,-0.09232478776778863,0.2828919976934411,0.02630668208823282
394,1.457244049689722,0.8182581542293735,-0.09329482749309997,0.30153302317514863,0.0
395,1.8276191314223906,0.6498543186436498,-0.09588107795681765,0.33881251703908305,0.0
396,2.321366611703588,0.05913676827412596,-0.09673739933404038,0.32029577505907747,0.02631578947368421
397,1.844275270788184,0.09584215168177682,-0.12330249012411953,0.32380494900794343,0.05553413448070657
398,2.0600098936469444,0.0969787951631008,-0.14960689416271963,0.3332741326674355,0.1666024034421197
399,1.7476114755094554,-0.5721265506580095,-0.1804403900729391,0.3230289676096879,0.30669728205821567
400,1.466242211804677,-1.1083287024101853,-0.20385401293753497,0.312968014979407,0.30669728205821567
401,1.4827003006359623,-0.9536525854110424,-0.18396376278619858,0.3172339923544908,0.36203826307746967
402,1.7840908625371457,-1.5878815442533871,-0.1928081287962518,0.32000763807506816,0.36217791140014716
403,2.2369565231021076,-1.8225188126089735,-0.20158501180053645,0.3363762244643794,0.38972936065514646
404,2.3539856707989886,-1.893669520933251,-0.21345246547058905,0.32704135629677866,0.37237389338720545
405,2.300019324126614,-1.8132533859294215,-0.22035097477633878,0.3337649762592949,0.40101910993194856
406,2.158060119190708,-2.0641406424219766,-0.20586138036888152,0.3230816681230918,0.4126353527182058
407,2.763088053962422,-2.455453187373802,-0.20404762896972792,0.318855944220679,0.38218767082460553
408,2.9427222813781926,-2.4087078749504283,-0.17995991838381561,0.33727625519274096,0.2351924128151419
409,2.6613259417710804,-2.3697539665526177,-0.1593564226992438,0.3511555140010929,0.22819916215405178
410,2.3154470202851423,-2.2898091623821792,-0.15813617878118835,0.3261479402014965,0.22847819119101592
411,1.926112387510225,-2.5515850617595546,-0.1460687175538542,0.34221874883172454,0.23025625840587569
412,2.3793110251742258,-2.7171385045132808,-0.1568109877196172,0.3559888023857376,0.2238652530060651
413,2.462247895293651,-3.054173027787412,-0.16866310634075285,0.3403792001512883,0.2570379650898929
414,2.641557901665466,-3.3634861675113417,-0.18708314551127508,0.3602026858279492,0.31545301328233816
415,2.1799813501039544,-3.435034024814953,-0.19448897698374948,0.33797459229814897,0.31545301328233816
416,3.851517658594114,-4.049680596753557,-0.1710893981585607,0.35613251714092214,0.125
417,4.400344395640854,-4.467476607504838,-0.16701647771328698,0.3686731048961707,0.0625
418,4.660792897225312,-4.89211963695336,-0.17169790411638872,0.3823840533938625,0.07213122508063838
419,4.780456270251677,-5.0183700720246405,-0.1660947884433119,0.38266678991924785,0.06451612903225806
420,4.931791582623651,-5.799353234357861,-0.174208841943191,0.3403792001512883,0.09877295966495897
421,4.769245149243114,-5.810537588176355,-0.18646430507384965,0.3405264409535987,0.0967741935483871
422,4.471192951304622,-5.515429323678881,-0.19819905908814278,0.359138365573491,0.12903225806451613
423,3.8395124331410853,-5.544156970201889,-0.2073339923909509,0.35849130654625794,0.22580645161290322
424,3.8440118653260846,-5.121992120202169,-0.20889324590489866,0.34824988251503763,0.25182262437346936
425,4.4522732819671935,-5.217970047194703,-0.1878820516785716,0.3425792942794178,0.2208630521496931
426,3.6260003477042226,-4.702915411486421,-0.17165828469723626,0.29628785516813566,0.20788268748151587
427,3.7174050297587726,-4.829521415533896,-0.1410765528637288,0.19237340528518646,0.23702273156998857
428,3.986140282790112,-4.1786876216140945,-0.11100196408234447,0.1910586388266095,0.22188007849009164
429,3.418814546765509,-3.9601621906408813,-0.09526973623011845,0.185023575732995,0.2443833746280838
430,4.088082365023473,-2.806120016518453,-0.06785248084624357,0.20281268003544667,0.2379702381688594
431,3.429009680010901,-2.3322888497418597,-0.06881124918274256,0.21499638351242822,0.24968808471946113
432,2.9752263249132853,-1.9956774743163896,-0.08173193978302223,0.23183675258896047,0.3006642687346895
433,2.8655175753675506,-1.2947104042923099,-0.0998338111153025,0.2542006389956589,0.36623029514243993
434,3.0185380519104164,-0.8039764334249054,-0.1321209087348087,0.2471226171898677,0.4252034865655868
435,3.5379317091960183,-0.7163224724680998,-0.1087832052032092,0.27505889987226245,0.3757150168562842
436,3.9310933941791157,-0.42716807280641084,-0.06386551938865821,0.25256940814393136,0.2757895037416486
437,3.745884159969359,-0.009758330253745508,-0.06324792973394208,0.2751703860482188,0.24504604144054992
438,3.386379965086461,0.17935337089871645,-0.06453211380455397,0.29086386574219725,0.2693189543416088
439,3.4121252319522064,0.2401776197264537,-0.06971281352516695,0.30147921322617455,0.250933419550648
440,3.097124893910119,0.3033285953065466,-0.07077993414629703,0.29766475359128586,0.2261021771538605
441,2.5561446837032347,0.466710314548239,-0.07850648817107211,0.2839859026810772,0.2499219116020307
442,2.405502928957323,0.3797078255033808,-0.09070097110393195,0.2864766574970168,0.2573509436483988
443,1.9100010783763024,0.8818150010433463,-0.08773672434492194,0.2969128047824341,0.27465689319140724
444,1.7936615666046984,0.6956731147171168,-0.10446708467217544,0.29615175213418216,0.24968808471946113
445,1.3259881904794895,0.9331938966101837,-0.10496371958914122,0.3307908696348767,0.23188465193556623
446,1.33562669103629,1.199927712286166,-0.09245771164562196,0.30093114493798667,0.15784009252939693
447,1.0080376183014927,1.1718291901430644,-0.13064291567618874,0.29789486179101154,0.16641005886756874
448,1.1174249847646014,1.1147298775607268,-0.1583791306117379,0.3254725545901958,0.14699525800946367
449,0.9024172601483255,1.74703492496656,-0.15391819549821134,0.32245839469185344,0.11759620640757094
450,0.1339977368379023,1.9212007297925777,-0.16524915411828697,0.32455140710394703,0.15144563320384566
451,-0.503301605709585,2.0456614974922043,-0.1755044021089102,0.3217856109349363,0.12121212121212122
452,-0.8546412262458302,2.103716076082829,-0.17411337522810286,0.3359148609834979,0.12121212121212122
453,-1.3084746090400579,2.1018219683597104,-0.17635710792150847,0.33680540634184597,0.14705882352941177
454,-1.5002218752313226,2.7618361866467978,-0.17133107491024852,0.37199026703177895,0.12115650656307654
455,-2.072923953854438,2.820796964518424,-0.17486349458865955,0.331096252123141,0.17142857142857143
456,-1.7506071357775244,2.6743643410325215,-0.19113399937439152,0.3349152957422161,0.19991841729213894
